Confusion Matrix
[[6 3 4 2 2 2 1 3 4 3 2 2 0 2 3 5 2 2]
 [3 1 2 2 3 4 2 4 2 3 4 4 1 4 4 2 3 2]
 [1 6 3 1 2 3 3 0 2 4 4 4 3 5 3 1 3 2]
 [3 4 2 2 4 1 1 3 4 1 4 2 4 5 3 1 4 0]
 [3 1 2 7 3 4 3 0 3 5 1 1 1 4 2 2 2 6]
 [3 4 1 6 2 2 2 1 1 3 2 5 4 3 2 1 3 4]
 [1 6 3 4 5 3 2 2 2 2 1 5 2 1 2 5 2 2]
 [3 3 4 3 0 6 1 6 1 1 4 2 3 3 2 2 3 3]
 [3 2 0 1 6 4 3 5 2 3 3 4 6 2 4 0 1 1]
 [1 3 3 4 3 2 5 1 3 3 1 3 4 4 5 1 3 1]
 [4 4 4 2 1 0 1 6 4 2 5 1 2 2 4 4 2 2]
 [4 1 3 2 1 0 4 4 4 4 3 3 2 1 3 2 5 4]
 [0 0 3 5 3 1 4 4 4 2 3 2 2 2 2 2 6 4]
 [1 4 1 2 1 4 3 5 1 5 4 1 2 4 5 3 1 3]
 [3 1 4 2 2 2 3 2 1 1 5 2 5 5 4 1 2 4]
 [2 4 3 2 6 4 1 4 0 2 0 4 4 3 3 3 4 1]
 [1 2 5 3 7 2 2 1 2 3 1 2 2 3 1 5 3 5]
 [2 2 2 4 1 3 2 5 4 0 5 6 2 3 0 1 3 2]]
Classification Report
             precision    recall  f1-score   support

     grampa       0.14      0.12      0.13        48
        apu       0.02      0.02      0.02        50
       bart       0.06      0.06      0.06        50
      burns       0.04      0.04      0.04        48
      chief       0.06      0.06      0.06        50
      comic       0.04      0.04      0.04        49
       edna       0.05      0.04      0.04        50
      homer       0.11      0.12      0.11        50
   brockman       0.05      0.04      0.04        50
     krusty       0.06      0.06      0.06        50
       lisa       0.10      0.10      0.10        50
      marge       0.06      0.06      0.06        50
   milhouse       0.04      0.04      0.04        49
        moe       0.07      0.08      0.08        50
        ned       0.08      0.08      0.08        49
     nelson       0.07      0.06      0.07        50
    skinner       0.06      0.06      0.06        50
   sideshow       0.04      0.04      0.04        47

avg / total       0.06      0.06      0.06       890

